# Created by Octave 3.2.4, Tue Mar 06 21:58:39 2012 EET <andrei@andrei-xps>
# name: points_ok
# type: matrix
# rows: 270
# columns: 3
 10.53603211257033 0.3813401308284865 1.788380442014132
 9.25673682641658 -1.818693907744546 -0.08664984612671156
 9.514794142910931 -0.9740623517792184 -0.8709116759227082
 9.692491994086925 1.058212400683639 0.6421782771784335
 9.300042416110291 0.001767681223107331 -0.2125123003349725
 9.26690040265979 0.6348755510501856 0.5485306553831202
 10.70504663148771 -0.1573263050961209 -1.761071085737193
 8.198875096198616 0.1285038446075673 0.8273764726423476
 10.31162933026234 -0.6517693610345192 -0.4044859998021588
 9.428773355572099 -1.26285036217696 -0.6748483213118914
 8.907823427239398 0.4348018187048273 1.372780949095294
 9.760205814602639 1.220792656421762 0.1891084883181731
 11.82952520705427 0.07570247643659878 0.5313828281882822
 11.06905449896012 1.15178070205524 -0.3293464175617735
 10.729982842361 0.1691687295750284 -0.03555437874667811
 9.275293906402622 -0.2628351387382366 1.421637039481348
 8.689774625180188 0.1635427839133592 0.2980180182945826
 9.974419525042832 0.2863397199278483 -0.674433282973413
 8.755189963519028 1.104982885151907 -0.8309890653936194
 10.01777202834306 -1.371923197190891 -0.9447883074785561
 9.028843009966298 0.4371424618699669 -1.038054293372208
 10.39031529566609 1.55542192258604 -1.047274199025562
 11.78413077413954 0.1906271705327898 -0.5939126389139109
 8.663154965653225 0.0378649297549547 -1.271844162573615
 11.26948523349561 -0.1146684744583013 -0.8965904012403982
 9.930834221544396 1.363886892211609 1.171290223464409
 10.24554312323368 -1.663958218477876 1.019555570702594
 11.50025483808053 0.08631484114869092 -0.5944765505985943
 9.160728630869 1.168933156235344 1.200725368838814
 9.816986239381002 1.218886414751033 0.00283603088715001
 9.758177832076273 -0.898992146444819 -0.3942471228461712
 11.19015085280513 0.7758399863634908 -0.1315381965995657
 10.34136300829747 -1.75558417914704 0.0540416008483775
 10.10487592018113 1.019037705993943 0.5959609149648024
 9.06276972823699 0.5695403818401785 -0.1186382226578637
 9.212939470496639 -0.67312845899468 -1.260200352485165
 11.77386685806334 0.1648148668687783 -0.506155993032807
 8.616360655208958 0.291033425245089 -0.08059723588305112
 9.467799366217847 1.393174214324676 -1.316793666112127
 10.1516585647071 0.5403495647465246 1.499733547181096
 8.588652281397035 0.4601072658130936 0.1799591420129762
 11.05754525377755 0.4203538392271691 0.1202399439578064
 10.09372414766951 -1.827157821413222 -0.6017978117567899
 -8.282984557732661 -0.5316511570702309 -0.7891380355212656
 -10.3294493433262 -0.9646301467380394 -0.8590918621354284
 -9.275460309798278 -0.4786899402052278 0.2697722446565911
 -8.670986769421404 -0.8004608110255187 0.8915585930475531
 -9.754082430921541 1.712918692637873 0.6674199925883686
 -11.45734369939746 0.5227680210150956 -0.9713599435461588
 -11.70123688607394 0.6000298915865176 0.7719018907024089
 -9.249458114351761 -0.8067229682282162 1.118264195334848
 -10.63422534531257 0.08420317565124824 -0.04524082493385806
 -11.16748698284933 0.8233735963602764 0.908407277341917
 -11.46015526646556 -0.9550232227765096 -0.9331452310048263
 -9.729619489637384 0.1895070527805611 0.9970499812458686
 -11.42969879060431 -0.2747729387229263 -1.127978706372642
 -10.167650076763 1.146245762418816 -1.341089539754344
 -11.06491951047466 -0.1341645329506991 -1.42348799736483
 -8.750453237588173 -0.9524454874268471 -0.3274278808689572
 -10.14089161731986 0.5418972051460496 -1.760803811235675
 -10.84289064550292 0.9330101907097657 -0.7443457806259459
 -9.940214687456059 -0.6792952654432203 -1.182737522048585
 -8.997534888262329 1.136425243860959 -0.0652235730318298
 -8.711938153791568 -0.2837304873941349 -1.252419963457931
 -10.74734109584775 1.785112588379765 0.3249206788425307
 -10.09102668462618 -1.085459499634442 0.9105883082373496
 -9.718518807046058 -1.151701713012891 0.2507015681325955
 -10.83901028580033 0.469125419199087 0.9339113025294363
 -9.548634672383562 -0.1294718561255455 0.1452132396597241
 -11.22750190768351 0.3480549449676591 -1.064052794267829
 -9.02030571713958 1.368448516066405 0.6435771587055403
 -10.97312306663267 -0.4184398498370798 1.462703935896774
 -11.32701013113361 -0.5347926809823786 -1.318221003843077
 -9.744315173150301 0.8571499450110358 0.40847060628847
 0.338046100685498 10.63974886044408 0.1724255574516578
 0.6113218807008707 10.08789423830008 0.1552256612590019
 0.9119218020565754 9.623389888836362 1.449415676511395
 -0.6505107981369485 9.611261080402342 -1.219292570499928
 -1.00469327073715 9.173310662344099 1.309692322966854
 -1.640834001931726 10.82012457352073 0.7712323210414449
 -1.119741201588154 9.657777437919691 -0.2556426451384251
 0.7515150828791106 9.702978024744578 1.514440960459887
 0.9188164054205967 8.849156997699106 1.179387617488564
 -0.9177943489640195 9.212130842461965 0.4057743583124527
 -1.842741705850987 10.3411808190744 -0.05240732842535789
 0.1896750000631982 10.56650795193196 -0.5268250138084569
 -1.598644642641345 9.153941963635207 0.6985088799832972
 1.071370458208434 9.528915082991549 1.029086580693636
 0.3713482938170189 8.581243619604859 -0.6186828775312916
 1.819345737234485 10.2108697709044 -0.4205189353661878
 0.317624301959043 9.029436051737413 -0.5290747379582681
 -1.102476226726907 9.392529955115037 -1.45371305712268
 1.029755585909077 11.06536988050355 0.564068152785242
 1.611790335850811 10.86380784253659 0.7636479167784471
 -0.5553255736248841 9.721490393017927 1.183355259627485
 -0.3201237908140342 9.523301654693402 -0.03210310397058014
 -0.5231564527787482 8.354214645787632 -0.6378251457572153
 -1.337971457248196 10.83191935946587 0.1533699252550971
 -0.171262181000597 9.81668759681247 -1.186717574101186
 1.551661704821687 10.95778176590089 -0.5782573826683792
 -0.9671556232879752 9.587734341717873 0.3883257171392374
 1.036516242523579 9.705398619088866 0.006142223734504793
 -0.8953042828669922 9.423689145992709 -1.55417218178004
 1.277077033162429 10.21009457671531 -1.253165810509848
 1.204099656341665 9.198914741284751 -0.03264222811022965
 -1.776096797254033 10.62334316265651 -0.606631875043836
 1.076258550466741 9.596263702181927 -0.8486259491904236
 1.33867767665277 10.39728504646284 -0.6350522814653579
 -1.097526848181976 -10.29776478875453 -0.58507641423134
 1.892691053524555 -10.46010789468312 -0.3745566456204534
 0.2493543674877534 -9.831259549561636 1.716678581141166
 -0.008974857137396208 -9.485150837390103 0.02126868703309048
 0.779298292660406 -9.427224879201885 -0.64077376736338
 0.2504022971201669 -8.743563521482427 0.01549570810630474
 -0.5330265205851668 -10.92031675084104 1.31463880249852
 0.9198193668876948 -10.60718299036316 -1.408264713283261
 1.057807537918728 -9.448705087226781 1.318002838840418
 0.0807453712594568 -10.2219720476033 0.8934369900074848
 -0.7218756236769954 -9.14159834247133 -1.493068191181332
 0.07041658735025358 -10.5956213970951 -0.1209354238215441
 0.3317919889859557 -8.956828968543599 -1.539900107491415
 0.7551410539375571 -10.95381514299355 -1.269652801846451
 -0.7570396881137194 -10.30841199396115 -0.8719661201051949
 0.03707255629455997 -9.463998756549183 0.343086580404651
 0.7952555442350255 -11.48283918771771 0.3255924845336744
 1.264951119566168 -9.632596038766827 0.9896284241810722
 1.432553577030681 -11.17638890396785 -0.3882343700946633
 1.143822461148892 -11.50852370671465 0.1979816972076232
 -0.6947337559330433 -11.38883051726492 -0.2806661285481147
 0.4767451923854518 -9.00939484514652 0.2627162587359448
 0.7461355765074305 -10.38404203859577 -0.8474381720252209
 1.744139683898865 -9.961907414095972 0.05429414536163257
 0.322301093321042 -10.15878865029006 -1.022574886343568
 -0.8754905059356293 -10.44989324894493 -0.9019971558559365
 1.809419995051469 -10.66419222004949 -0.08645187058751769
 -0.2260296146420029 -11.80902430704748 -0.742662947018631
