# Created by Octave 3.2.4, Tue Mar 06 22:42:22 2012 EET <andrei@andrei-xps>
# name: points_ok
# type: matrix
# rows: 1588
# columns: 3
 -1.076437041592973 0.3505166477230097 0.2457811079174226
 -0.4173788493386377 -1.398105642795896 -0.968028836348952
 -0.6546958243894883 0.7031582067790687 1.731186403619629
 0.4912606463162663 -0.4465555353783859 0.4577405174637659
 -1.16514053351964 -0.7251241816509435 0.6225733116553505
 -0.4882633015543136 -1.885755543703837 -0.2935899223246501
 -1.788766589345876 -0.2963833564120784 0.1526557401744117
 -0.01421293951843361 0.8200916504009221 -0.1281962587505732
 -0.05831091457437831 -0.9800203704914459 1.609088522185429
 0.9117104984975706 -0.01388864127520573 0.6533435166160002
 1.480537324554904 0.7863824646961093 0.6889387639095617
 -0.7664718483574864 0.3452657931181364 0.7605159171108724
 -0.5857086125919146 -1.291136296020535 -0.01583215083358636
 -1.301394808399686 -1.377083480054785 0.6321210830336716
 -0.8111118277971083 -0.09054081858587559 0.6578591975780315
 0.2838645496279653 -1.095490034513335 -0.6093017112325934
 0.6445295557437376 1.041633065841943 -1.167783277185499
 -0.7508934060369936 1.050815302798404 -0.0758053957751621
 0.4349896883803175 0.05371964261836437 -1.158341441482452
 0.5218028102144898 -0.6839193237743519 0.8215740211385678
 0.8065836808726825 -0.07355729496810137 0.9116088490186085
 0.3094363282830486 0.7440093790713651 0.9206353926666497
 -0.08917939804718711 -0.7054500322613639 -0.4077997982162171
 -0.1330000523039219 -1.851194010611645 -0.1750288636421409
 -0.1685078750482345 -0.09098979515585914 -0.6730769733894302
 0.3734265462125346 -0.171504355540564 -1.188287662582755
 -0.1799643088249689 1.46059873110341 -0.7479081122281304
 -0.8205095763733612 -0.3582667975105382 0.3694883328504686
 0.208497303345434 -0.2693832981523105 -0.7090988548724104
 -0.7839567889553918 0.7041858388053379 -0.1392420138349417
 0.4020254498294791 -0.8972052019589916 1.424666830260554
 -0.2308942184736014 0.2159346984866928 1.068005723281478
 -1.60206695782441 0.1533987186306649 0.2747326973802631
 -0.8245383288822798 0.3019828235832271 1.079831830120067
 0.3085108085351473 -1.904351699917778 -0.09066491526872666
 1.058708286455604 0.4572470972544034 -1.475455646776837
 -0.04261981688182126 -1.902890520031306 -0.4379315297635775
 -0.2188868258512662 -0.02339186706788454 1.470541947702221
 -0.2683710052565316 -0.1475373275824865 0.5033195138719537
 -0.03477217594039206 -0.2498385735728947 -0.3385415516904937
 1.784762275771344 0.5944040365839895 0.4682693972053893
 -0.01304789213653001 0.06547425445068455 -1.284426117923066
 1.079765245009012 -0.6775424663878906 -1.370958996503994
 0.651744680574208 -0.4434718295726248 1.419495530721548
 -0.516817761637822 -1.757885001618192 0.02303341769454414
 -0.1787725786031766 -1.394927646325457 -0.9676210638381535
 0.1185922386172185 -1.160686409281755 0.7771137830526667
 1.74315217577431 -0.2044174621929458 -0.9305170251213857
 1.025082501744087 1.269324967479442 -0.6892457178036449
 -1.311669050601881 0.2567744186590946 -0.1992087228472579
 -0.1095735472022821 -1.5665200000274 -0.7687263967520079
 -1.074664196568479 -0.0409612799079293 -0.7628463440751985
 -1.007486348042278 0.8369337233640195 -1.13842053658921
 0.2650803847617511 -0.4500906244039002 -1.236996967878418
 0.7751968643690366 1.539685647650524 -0.5217651473989824
 1.590257348271884 -0.9651996306725452 -0.6167935891447283
 1.152818525475571 -0.4809160317963206 1.094650876439701
 0.808639915424028 -1.660339981387341 0.671301493831292
 1.855855639117374 -0.5132433198750588 0.5201621669572218
 0.9619683002924639 -0.3087226672426515 0.9024344261691635
 1.557701100466578 -0.4545783700035637 -0.9995823571906335
 -1.291025469905973 0.06573554973518236 0.1750018350488132
 1.053383593508638 -0.04177179869098402 1.589231107512076
 -0.5841430102684335 -1.603873183526282 0.5846885166086571
 -1.399970761398547 0.4580856911519722 -0.8660016166578182
 0.05339675274633615 -1.382583255653519 -0.04203789873260555
 -0.7783124345455044 -0.2628121282520441 1.813336736500908
 -0.7396442294364014 -0.03935073083662677 -1.743310241112808
 1.622792511048903 -0.08640233557194832 1.155494509190013
 0.4617173274837305 1.272035181056713 -1.41099426469
 -0.7735256521403209 -0.1482626465941113 -1.091603892692927
 -0.9036507878370423 0.4159394910935164 -0.5799784688718235
 0.003574027767059729 -1.289854042374831 0.5303302288204081
 1.240867495257602 -0.3077766979680694 -0.01023090993763787
 1.281260019940979 -0.3542310518994192 0.7205681136638686
 -0.2618554700406437 -1.503314301709703 -0.6189234368560943
 -0.4727272897982988 0.4003950892609764 -0.1563613932067789
 0.1662564244170088 -0.6946430680591689 0.9484301492805467
 -0.04737662027335099 -0.0983144774103295 -0.3297452307337203
 -1.897580400113919 0.1268259761612276 0.2619293473171576
 -1.345734505846667 -0.4518908682792657 -0.9703422808119384
 1.259817401543676 -0.8550751354384809 0.7911068334368561
 -1.164136178479908 0.8832016444133801 0.3061584140342752
 -1.309598127022342 -0.4275388215483888 -1.14723059021837
 -0.3819224203056384 0.4245213979080482 -0.5681141399418792
 0.718006084181499 0.737346946456745 -1.386757863334078
 0.7617417603971708 0.1577511884150691 1.008550561578826
 0.8374718377778301 1.274820949967539 -0.1682744820006652
 0.880995740242521 -0.1826121050754883 0.7736062932660297
 -0.3306036475658638 0.8083406259044339 0.3314240295892641
 -0.8927953469804606 1.77761214696964 -0.20616713326511
 -0.775459009993184 -0.4408242260948405 1.505981414073645
 1.332660178042668 -1.244066454268137 0.6937662326467411
 -0.5516030844548443 0.7618949823838816 -0.02510439176135448
 1.557056662528929 0.3002131520774474 -0.6283541525739549
 0.802803216983548 -0.7493123738169942 -1.507795329926779
 0.2703282257914221 -1.709255613381677 0.5379140255928427
 0.7133707896105981 -1.430130873899002 -0.4292160750228862
 0.1992192125369625 1.511072176839224 -1.148857231421165
 -0.4798764120455974 -0.3408927964363764 -0.288595765033308
 -1.312978435708903 -0.5252625066720829 0.02136341882360249
 -1.813851064628245 -0.3966498271096255 -0.3460121778836507
 -0.8361785303108518 -0.399321887162712 -1.594889221131926
 0.9029442260618192 0.4800738987173454 -1.26606605359071
 1.438847376804217 0.2626012806521842 1.320540094650013
 -0.9042472101279231 -0.6202146034044056 0.7093705555807754
 1.75070377218032 -0.5614775518620589 0.7089639973383011
 0.5470809498223388 -0.230227296220155 -0.3241139800931523
 -1.073084815477697 0.08343505155960118 -1.403129349580251
 0.1038574218017185 -0.6054098482116126 0.3240969957102844
 -0.9575178180583446 1.722647302727389 0.2595589310684918
 0.3853536733073888 -0.8314360616078769 -0.6861781309114379
 -0.5998474912676446 0.6235083593392523 1.294292596591757
 -0.4191346925691917 0.2415326482475511 0.3571713582129132
 0.2804759360199967 -0.9208017396629982 1.173985470986419
 -0.6455955615325284 1.789095611077854 -0.2294384540558843
 -1.338039118023563 0.05254686648939488 -0.986711729709141
 0.08669179370736702 -0.8661011393756903 -1.444644680598817
 -0.408617017264348 -0.1202420952749075 1.284667464234857
 -1.773539774018718 -0.4271224015513833 -0.4301861116861223
 0.892652700947334 -0.5305761848325672 0.1120563458547124
 -0.926535761913456 -0.1259667754107261 0.4326497885919953
 -0.2430666782432047 -1.031587391795381 0.4932367126687338
 0.9221868233876287 -1.382912885531508 0.8311592624695239
 -1.008816492431147 -1.240828235072594 0.5739186721356773
 -0.1098059756845127 1.374796812148962 -0.7771805018191189
 0.3152096145541359 -0.9493034584664255 0.3649754412015178
 0.1197458713234938 -1.435439301001201 1.371881812825671
 1.38662962699089 -0.257491830004797 -0.4306027842902347
 -0.811111671475403 0.5623273958141928 0.7784569697908821
 0.7260737438134481 -1.05404290113227 1.388597762284572
 1.359980338379731 1.185091513112368 -0.7033742401038479
 -0.6112566663327248 -0.3771855979765426 1.394802454779355
