# Created by Octave 3.2.4, Wed Mar 07 23:54:55 2012 EET <andrei@andrei-xps>
# name: points_ok
# type: matrix
# rows: 24
# columns: 3
 -1.15008788029943 0.2714716173938694 1.310391989704518
 -0.3630220933942131 -0.5688295892715866 -0.9863245290362891
 -1.082543687911723 2.42047078726504 -0.4162124609724304
 1.880916738317789 -1.283245057219512 0.688103245382339
 0.9094852637117847 -2.099529619120362 0.8488975319791348
 -0.9085770593770409 2.677179803709806 -0.8464167425332861
 -1.652822466680225 0.8545504600898377 1.151791502033654
 0.003782374223094909 1.789908727117923 -1.546435848556075
 2.661827523346701 -0.7172841794931774 -0.4721213031544375
 -0.5597201282257994 0.2214624230257407 0.2895763723465743
 -0.117752813163681 -2.005170286256779 -0.2658928781618372
 0.03722256077206842 -0.8277180154110607 -1.446801720699808
 -1.884987852465896 -0.09365542447082154 0.3486701551017315
 0.04152809441593774 0.4379138517031416 1.893363334200171
 -0.7964523571045977 0.7056171205180042 -0.1742955575691559
 -0.09430967108105193 -0.6828657446265473 2.407304989393181
 0.2548697481257243 2.226049977254506 0.3234868182106969
 -0.3792601625181572 -0.06764951652873419 -0.1319170257158343
 0.6950259827020899 1.54407577630763 1.754429118129462
 1.626701732519922 0.922802199735085 -0.277645907078545
 -0.2693282987135944 -0.2828602132844044 -2.277490627110935
 0.3281527202423116 -0.4980283056438976 -2.471646057527501
 -0.1113508727768165 1.616015023999248 1.33909542253786
 0.5997968459915208 -0.11324884192532 -1.406114238877035
# name: centroids_ok
# type: matrix
# rows: 24
# columns: 3
 -1.082543687911723 2.42047078726504 -0.4162124609724304
 2.661827523346701 -0.7172841794931774 -0.4721213031544375
 0.5997968459915208 -0.11324884192532 -1.406114238877035
 0.03722256077206842 -0.8277180154110607 -1.446801720699808
 0.003782374223094909 1.789908727117923 -1.546435848556075
 -1.15008788029943 0.2714716173938694 1.310391989704518
 0.3281527202423116 -0.4980283056438976 -2.471646057527501
 0.2548697481257243 2.226049977254506 0.3234868182106969
 0.9094852637117847 -2.099529619120362 0.8488975319791348
 -0.3630220933942131 -0.5688295892715866 -0.9863245290362891
 -0.117752813163681 -2.005170286256779 -0.2658928781618372
 -0.3792601625181572 -0.06764951652873419 -0.1319170257158343
 -0.7964523571045977 0.7056171205180042 -0.1742955575691559
 1.626701732519922 0.922802199735085 -0.277645907078545
 -0.1113508727768165 1.616015023999248 1.33909542253786
 -0.2693282987135944 -0.2828602132844044 -2.277490627110935
 1.880916738317789 -1.283245057219512 0.688103245382339
 0.6950259827020899 1.54407577630763 1.754429118129462
 -0.09430967108105193 -0.6828657446265473 2.407304989393181
 -0.5597201282257994 0.2214624230257407 0.2895763723465743
 0.04152809441593774 0.4379138517031416 1.893363334200171
 -1.884987852465896 -0.09365542447082154 0.3486701551017315
 -1.652822466680225 0.8545504600898377 1.151791502033654
 -0.9085770593770409 2.677179803709806 -0.8464167425332861
# name: cost_ok
# type: scalar
0
