# Created by Octave 3.2.4, Tue Mar 06 22:24:35 2012 EET <andrei@andrei-xps>
# name: points_ok
# type: matrix
# rows: 309
# columns: 3
 -0.1607028015591619 -0.3670169257094079 0.04534482501713288
 0.4989706951456316 -0.4857911678910208 0.05512568349565661
 0.3879728288126145 0.7148683593226266 -0.1397710373829567
 -0.05999975560822068 0.2859762108491102 0.8377778541443019
 0.1952204527338703 0.8737135009397148 -0.2412307017742145
 -0.06438219011139801 -0.8225376694764307 0.03374318995628078
 -0.04837520865643696 0.1328840963622919 0.8604301100860079
 -0.6012911822537322 -0.6733467122227451 0.2790453132946087
 0.07570984939135994 0.7231122365662808 0.5899296890721923
 -0.2275799694732371 0.07561265928900029 0.1120287456555149
 0.3030836493623752 -0.1259270872157933 -0.1907014655402514
 -0.5238108306877575 0.8142329566436746 -0.1052189738337955
 -0.7560476938032797 0.2374331540321859 -0.4751659506145051
 0.3411958241287416 0.1585525669638981 0.02021922361084738
 -0.8363863139728968 -0.2407545443437406 -0.328279506089055
 -0.1580444043046153 -0.5498928992246829 0.5843052258841719
 0.3077600908802809 0.7830437812362774 0.3376248579726269
 -0.8588189537157512 0.3246010949374349 -0.3234744444853884
 0.7536462318428845 -0.5469260212960271 0.2121441991057986
 0.4596847528097352 0.549835971155014 0.475684200547523
 0.5177098476764543 0.3731029400514938 -0.3644238065552955
 -0.3573744119642367 -0.1491549185362279 -0.05867874716617061
 0.2424680384263251 0.1197291039019963 -0.7114972236746363
 -0.6490265932595968 0.1701862858006249 0.4456296995719864
 -0.6565835111979988 0.3751332606332323 0.3909907734628342
 0.51642388211199 -0.724375371188953 -0.05553987560831597
 -0.1385667081350769 -0.6829591972683068 -0.08354293926798906
 0.4452666297945174 -0.3514237150491745 -0.7979942662576073
 0.2178802893536678 0.6654838941403087 -0.2335640151063093
 -0.5495972843620954 0.05063982919961041 0.5320342991156588
 0.4988205814024413 -0.4453522306255379 -0.5322456143363942
 0.4143491195513809 -0.09606472827961154 -0.269194858590769
 0.7691027962691281 -0.3437693269836312 -0.2087454905652927
 0.2452527990426641 0.2706035314622652 -0.394122408627034
 -0.2289336851397933 -0.5686934542232051 -0.6369244124509169
 100.0745537385343 0.5124286770991862 -0.482057254952896
 100.4900364667469 -0.2105508986911339 0.6496906232454718
 100.3545821541364 0.7970129673628989 0.2825065888699998
 100.0100694061239 -0.2864639301114572 0.3158178519003165
 100.2293095001514 0.01634232621175991 0.3998268050705691
 99.48834830572673 0.0102811278133137 0.7306080067844611
 99.30568879296189 0.05990179450458633 -0.2408946673496709
 100.0918977819648 0.6508568656992264 -0.4635341614479921
 99.5698173430834 0.1676958695528703 0.5797028475407178
 100.0245545476115 -0.01436385311977506 -0.09948724029538536
 99.99972923240044 -0.1991218326688661 0.3694377413104144
 100.2113875912323 -0.01495064619158659 -0.1044162217371288
 99.70258807343679 -0.7016957390413495 -0.4926819767257563
 99.1346942650697 -0.0002709442492260239 -0.3200223740170912
 99.87018083346685 0.1009030447769668 -0.9615991651113757
 99.72506482834051 -0.527421522979035 -0.7603602879852048
 100.783163598745 0.2477295927252374 -0.2924463008947559
 99.60319699753657 0.2026365197342794 0.4177307537261075
 99.35261780927704 0.188313542028741 -0.10838336340369
 99.46617798683693 0.2075918598988851 -0.5798415642614593
 99.66428448421765 0.1437010601257929 -0.386369042967465
 99.69221293136511 -0.7691588904511256 0.4664025302181682
 100.418475261474 0.08720786981606121 -0.1933748807558692
 100.1448771253583 -0.2761480263231709 0.05912733376087531
 99.73750573188408 -0.4420900976165129 -0.22717273183186
 99.49118023368932 0.1440626652379327 0.6020479513391377
 99.62450784291022 0.1287157833254509 -0.6930691516574078
 100.2557417388382 0.8641197784474948 -0.2061358677666224
 99.55330851878706 -0.148227459811285 -0.8181781042795208
 100.3924278664979 0.08368921254070738 0.6145826256294638
 100.3402687788928 0.5044642684769505 0.5526051440255932
 99.68600743428277 -0.0529424483770663 0.3809378433470711
 99.5368168907172 -0.3835113985722322 -0.4513661221071642
 100.1547508665476 0.1744528105250143 -0.05341723386080266
 99.45500169036011 -0.5034464242322553 -0.5854422113336343
 99.67347989193271 -0.2729482844001997 -0.5672104465274613
 100.1078801906099 0.2685902088244505 0.8064140329739726
 99.80950096081405 0.4802423766146415 -0.8296382956723732
 99.72214423846586 -0.2829911924791778 0.50851231809135
 99.81075029944023 0.1337114498275145 0.01215852682434981
 99.90848712809454 0.6459438007644096 -0.4938532384218429
 -100.4614739824702 -0.1315498725611156 0.1338294158706121
 -100.2362027275804 0.7711093587913611 0.185269368035506
 -100.1508284008442 -0.04742068604819416 -0.5740373644284004
 -100.968960124587 0.1865870520772457 -0.1256771249680572
 -99.73075776536103 0.8139795835754615 -0.2598362679839216
 -100.5593592553139 0.3681049723247121 -0.5345977134536776
 -99.15566928418093 0.4509221471688232 -0.2343710050746323
 -100.6355137316235 0.4813712163870132 -0.08338983708709591
 -99.31417942831514 -0.209651766790394 0.3518327788897933
 -100.2119460582364 -0.5137000886139232 -0.4629663818822981
 -100.1429122217133 0.8731679846994658 0.0327648478834115
 -100.4220923351011 0.5525052881804438 -0.6217980408327893
 -100.5299514049356 -0.5211428518630178 -0.0224941417684118
 -99.18557538333275 0.04809040418274524 0.3055648719141166
 -99.73894916475803 -0.2020405569983365 -0.1832225984501533
 -99.89281327623495 -0.5185601440560984 -0.424220122940632
 -100.4177479667147 -0.1404783919686438 -0.6335189437521213
 -99.7014156173297 -0.003318365487059993 0.1540596829916874
 -99.52714733121353 -0.128354402209539 0.5256547671781813
 -100.7568484308289 -0.1294581802468079 -0.5889370634387349
 -100.5707741935472 0.5326551921417964 0.1316003870153424
 -100.3610251361349 0.1670196276732465 -0.5706504912754796
 -100.2996326606015 -0.09922208610358363 -0.3814832367002688
 -99.36916171739736 0.4372537853967471 -0.3164127813898839
 -100.6964588748338 0.07904884135077017 -0.3311093308409022
 -99.30584492710378 0.5539155817687254 0.2068962529449869
 -100.2545938784182 -0.3196599321916266 -0.7215859854181664
 -100.0523210711096 0.4292222525369027 0.7288164300946975
 -100.1461808294914 0.8240080759775987 -0.3984484488368908
 -99.18905508155477 -0.1491149023675175 -0.5470354519512702
 -99.8664075584261 -0.9177091331842225 -0.1372672914255221
 -100.2491554136752 -0.5252863338091106 0.468898573312414
 -99.54553381086573 -0.03370756900321947 0.5807251007507295
 -99.93866066563699 -0.1520716704167612 0.405914054354245
 -100.4212754304908 -0.08727177505674344 0.08392210924541232
 -100.141650398194 -0.335805335881839 0.3833969296234205
 -100.0352711424872 0.05149331492871179 -0.8308752140708585
 -100.3658630098987 -0.5316444904720549 0.03504042561812981
 -100.2698905647465 0.06862089829031781 0.8154527015503037
 -100.5330912805541 -0.4576249667987343 0.6957806544773559
 -99.31724112340954 0.05801129019853812 -0.5971916861182053
 -99.87084574737624 0.9255082484698018 0.009504326710362276
 -100.5981065945004 -0.2617125575973326 0.3574973738446587
 -99.80169198216009 -0.105178737197332 -0.7301952489828726
 -100.454986300254 0.4800695396990216 0.1035673729311524
 -99.5688801377279 -0.08164911842902922 -0.2716488501958741
 -99.58175201197534 0.3247079719539605 0.7186930428309832
 -99.42097764457105 -0.7136240070347469 0.08528737390429741
 -99.13719165553074 0.1401790945064822 0.1975399494909362
 -100.0578801305732 -0.6898422498127857 -0.5456232353023257
 -100.2159861150811 -0.4589102326371831 0.8391557614238123
 -100.0856266500024 0.7415769689102913 -0.4130981537997781
 -100.1192820680074 -0.1080097075095793 -0.8239142316633113
 -99.88389883302862 0.8241652981001493 0.5268894076719055
 -100.3579905456527 -0.8089151083106282 0.316346189474509
 -0.1372130800382586 100.681497936113 0.5919170329661005
 0.06354241977060693 99.64897615762537 -0.2136126964443062
