# Created by Octave 3.2.4, Tue Mar 06 20:11:34 2012 EET <andrei@andrei-xps>
# name: points
# type: matrix
# rows: 215
# columns: 3
 -0.00562124777210371 0.2100797243911112 -0.3910538688341326
 0.04856516324537274 -0.08506830195336346 0.5396501835877532
 0.7319662808603253 -0.369103161288565 -0.09435766728492478
 -0.5135734147561607 -0.01106046066458977 -0.2019059391295613
 -0.2602001839816103 -0.6269484961569837 0.09635656169822671
 -0.2545427522040594 -0.8384042749426245 0.276963158790225
 0.2356887715059821 0.1615414161620436 0.07326928587663173
 0.5486986766451569 0.04254264280616571 0.6927559717175871
 -0.5643787327906257 -0.4643695688756558 -0.5805515708862626
 0.2757494016399973 -0.3732733733468968 0.3449028905732185
 -0.1583649447892973 0.466299666316311 0.779774343835284
 -0.32827788334006 -0.004770841853898422 -0.2294515270292837
 0.9122193924773854 0.314726375965336 0.161431761223837
 -0.4299732012427674 0.4389423200688494 -0.4414471189697015
 0.5488615074879915 -0.7502506563038641 0.07657448373454256
 0.7698220657669381 0.1959539153284344 0.1485575101348073
 0.09377371080385766 0.01151397604902016 -0.003717234686976378
 0.01893190970111314 0.7540367575121265 -0.168872065281931
 0.2009121384366084 -0.7818239633151626 -0.2023271703390875
 -0.1775450454987918 -0.8055866850683499 -0.0837971575206623
 -0.7283527756532914 -0.6455083516209513 -0.05041838567025569
 -0.4619753072258227 0.2584507693659468 -0.4264187118045945
 0.2108950935545166 -0.5378767522734335 0.1672663142900788
 -0.2337360544722052 -0.6122244295834117 -0.488549849288138
 -0.3329596740826056 0.3252336671424205 -0.2082646441762249
 0.07730280109866072 -0.5305405282999752 -0.4004249412132032
 -0.6717152982529254 0.03717055478477294 -0.2325708288024509
 0.63620797224341 0.1993315051423441 -0.14302652401278
 1.640051449539321 -0.2649055952086662 -0.4271821838577833
 0.2842644907690349 0.2393908711811563 0.1690476527270126
 1.047431181842986 -0.002156216010357981 -0.3406835226935613
 1.720119476524958 -0.560233493155566 0.2311278008975319
 0.9445726250841232 -0.1159351713886226 0.9577174227347356
 0.4168747572764037 0.3461420778846729 -0.2383390981916574
 1.173415550419409 0.6825540337736409 -0.3948532719960379
 1.798003472477266 -0.1365813448926007 0.391702648029093
 1.368872355704095 -0.2836847451528358 -0.6095017367667076
 1.384128482171078 -0.2937779187917023 0.4303700493950737
 0.7619280491428192 -0.7414935221180897 0.163969025932599
 0.3885220603779861 0.06267478118672742 -0.3986416479263796
 1.443153107785979 0.1393340993161925 0.7108414294727516
 0.8235156037330583 -0.2552158111156241 0.3736980681729258
 0.9160399106167355 -0.006076421046267266 -0.04722696576223029
 1.043234180980108 -0.7344740739678787 -0.3582188451712535
 0.4892422748197026 -0.2524692252818846 0.5464178535809978
 1.725089024263275 0.1430403987824251 0.3283809432677673
 1.608925510200308 -0.03877336634872275 0.1965363129003936
 1.887627419638829 0.3106431078332916 -0.3085437831845294
 1.104988934961609 -0.3671272404063971 -0.7526002304449021
 1.583102252324372 -0.51325217998246 0.3442936898537647
 0.8200940350543521 0.7585164917342575 -0.121821583847925
 0.7197062002769262 -0.1913663293612783 0.6581141156002532
 0.6719358434248092 0.02331840243946548 -0.4908770366252763
 0.2060946497136312 0.2489635950543043 0.4627021600700398
 1.94873000811195 0.6312531807464765 -0.04907993193598148
 1.125535078503396 -0.2323411308545033 -0.3218269196665834
 2.033329197392443 0.06412101189531483 -0.7314320467516572
 1.445208708580472 0.5913485773002973 -0.4377071828457614
 1.803435046199957 -0.7844130998805922 0.3844831520948557
 2.607623964836728 -0.6336422252922397 -0.03013034671685555
 1.732394823641062 -0.5265651125876295 0.6438979751149307
 2.028153647822186 -0.7096502370533014 -0.2781367719255939
 1.989062623267495 -0.1392035528230323 -0.3933018930910458
 2.207375350215054 -0.3177441129168753 -0.5859192043990539
 1.361605771294976 -0.5145953045299206 -0.2798150447641697
 1.988503207543152 0.8872681251711509 -0.09892797283043275
 2.421824296658692 -0.160164384505206 -0.2401926287063497
 1.52375408309973 0.425581809838034 0.02862373893878933
 1.322325150424064 -0.4073604735554125 -0.5022853728823423
 1.86698536007169 0.6552283918035995 -0.1028406603969202
 1.092697663203133 0.4097048702754884 -0.06542975206469681
 1.727831405252279 -0.3651107308022273 -0.4153217541326867
 2.066812340218533 0.5522996775520437 -0.7219358313372143
 1.154609483784425 -0.3258727640859825 0.01408262961101281
 1.929506522315312 -0.1217562668719055 0.454707178512997
 2.343059400231382 -0.008780398667621259 -0.7546516608243016
 2.769635945735058 0.1934378546297542 -0.07836982495396583
 2.761342782440452 -0.08792630118699185 0.08142402678040317
 2.114118515179475 -0.3585934650785102 0.8866651541001171
 2.321609403877805 0.003707405110904061 -0.207443934582373
 2.106556562063066 0.5009696122615217 0.5656561539724654
 1.919992859708943 0.2996689969451729 -0.8840266592602334
 2.27079411643362 0.4480768341213319 0.2053592730823612
 3.002379078741323 0.02840518475369036 -0.1587693256153569
 3.453678194320234 0.8270684005920153 -0.05450032221201317
 2.949628558621459 0.4658991671142814 -0.2574720407152437
 3.824179048001577 0.3584729291084685 -0.06523286855349386
 3.566130732579458 0.02773584806165852 -0.317483054303077
 2.341029676524618 0.4343773217669598 0.377973274179757
 3.539468907605299 0.7608550042362514 -0.1164109371531165
 2.144029660627269 -0.2256867960470893 -0.05170530548538455
 3.326097885005309 0.1856463069291772 0.9130057346028648
 3.562930381209321 -0.272313890036883 -0.4840253942950231
 2.296923885353531 0.1055574372862609 0.395048519163758
 3.348264701014729 0.2895410595349637 -0.7196896051829363
 2.681655843691577 0.1963368964734533 -0.5971300839575612
 3.574209500898941 0.1431288253416534 0.1958047608667286
 2.815615245201763 0.05002477882164391 -0.4096696604508351
 2.328784232625486 0.1210130259547131 -0.3632422119543396
 3.005580033836168 0.4039793344084104 -0.2250719926411943
 2.711785615590526 -0.3913588137118006 -0.6319214825140783
 2.977503292846666 0.3002101321498545 0.7914543674578662
 2.807240851865675 0.8742953920652738 -0.07794381792964755
 2.88876860958424 -0.2011719441076095 -0.198190968905641
 2.537956939516248 -0.2737097003741115 -0.00466295909261627
 3.834812022073073 -0.1895730305312028 -0.4641664722136195
 2.383477504854464 0.3603442622016717 0.5874305803177147
 3.358123968591513 -0.6967547178124572 0.199654452951785
 0.004917598133735712 3.245467775235373 -0.4381480431072585
 -0.3602581044842074 4.607934316859028 0.1969676870865174
 0.393110564760264 3.330483576079509 -0.2351551345360025
 -0.4576118439898255 4.43978801186829 -0.3225498074212066
 -0.5798255969869507 3.360874713979332 -0.2535040365604381
 0.5674989322022206 3.908267853509964 -0.2130237992030674
 0.2646106751496018 3.993854205137037 -0.9466283626829867
 0.2383756729822537 4.820374169522077 0.2435242541994449
 -0.01021312264900931 4.347061416686016 0.1773490819178967
 -0.6557857345528465 4.328512462480886 0.5627898603576271
 0.1716782613372121 4.449277382508802 0.7279605100228377
 0.1228960697545836 4.242097208352108 -0.5612695346581197
 -0.6321994495629989 3.81963842622134 -0.4111902845451342
 -0.5559081257267308 4.342804179838303 -0.4775959899259633
 0.354164374366559 4.103757680898457 0.4735754419741574
 -0.1481469660426803 3.886286080363122 0.8556532575364852
 -0.3235686600699234 3.718835985354561 -0.01095268090595558
 0.5183252433107766 4.482140548994594 -0.0501028639825446
 0.1975064836774048 4.388076057009556 -0.7070109404665229
 -0.4059412232624581 3.662853277985885 -0.09424001215685041
 -0.1289440902123385 4.146323964841607 0.5948383358415541
 0.4405400865668385 4.666471778179044 0.1540906555721093
 -0.7224583521947751 4.240820692002085 -0.4400723627966227
 -0.1272911067013237 4.213171372755284 -0.2898717760611415
 -0.3192053984383828 3.4710668494509 0.4897182921709455
 -0.5826682992071571 3.356023019075372 0.3527230275597746
