# Created by Octave 3.2.4, Tue Mar 06 22:28:33 2012 EET <andrei@andrei-xps>
# name: points
# type: matrix
# rows: 316
# columns: 3
 -0.3245077510791351 0.8584377592798194 -0.3772130606360212
 0.2449077880806088 -0.5244891531253532 -0.7759156048123644
 0.745265414991706 0.3931008983183903 -0.04943685266846221
 -0.5367018434126457 -0.1267837958626629 -0.5496102371229411
 0.2554263319051215 0.1366790975167329 -0.7577942917386268
 0.3625368407501115 0.2948323222960822 -0.3760359196575579
 0.7454422937186529 0.2210790362352171 0.275080081061172
 0.1059799627639249 0.1651181922376519 -0.6427305868573746
 0.439487886441924 -0.07358706552436256 -0.3986281359947085
 0.3456488798086099 0.2656584695516619 -0.5962568383136529
 0.2913210789494274 -0.03307568803501038 -0.3816307371808721
 0.9125923334100123 -0.09654711224742385 -0.1423429507021222
 0.4845840270205064 0.01690020641405177 0.1596782417611884
 0.3876868243892346 0.2067751318841564 0.3077626671780451
 -0.3831265250758226 -0.1621794653884178 -0.02037247483417792
 0.5281643001948453 0.00778343637217338 -0.01129433291877813
 0.3216033219805468 -0.09441465613537681 0.4897204903871775
 0.01767879989915522 0.5002424008715995 0.1765547230485738
 0.5694698373450093 0.07784800456802698 0.4038051476838802
 -0.4213288954048399 -0.1108353011982804 -0.07003419827318857
 -0.6956857404246085 0.2289510392874488 -0.2699831615766574
 0.4925690986162143 -0.3133972504740802 -0.7334932068204062
 -0.3828386698147531 -0.379450572594029 -0.6757919986568256
 0.2663711068499355 0.7207210855925474 0.02507360201079423
 0.1488779491023189 -0.5219613092801808 0.08483040700922251
 -0.460472917777821 0.2345205383196023 0.3777215526174793
 0.6583554725124943 -0.122111420084377 0.2797537935083041
 1.745806715239886 1.006391550457914 0.951401934025624
 0.5823928595859243 1.669108351134551 0.5804458946797723
 1.177588957683482 1.618497024418241 1.437612351653908
 1.039915639598751 0.4237007232662288 1.509848247327478
 0.1596250676237495 1.1580019856431 0.5618109359477995
 0.393133230512129 1.169525619395636 0.705820874041322
 1.286250453034813 0.5204419866113202 1.805073893760251
 0.9709180167267003 1.102038876808692 1.188249312135532
 0.7030032591863268 1.020436502414392 1.502839408685829
 1.123702925364139 1.207813070069606 1.268367874614455
 0.4980091154843348 1.329206769623503 1.368110507664693
 0.6437080307240276 0.6143385387842376 1.178842582878952
 1.111859033257504 1.735064466250298 0.8101027816151106
 0.1935408824683688 1.40156508510399 1.073585032400503
 0.2709903317610035 0.7430321262364789 1.212065159673443
 1.636372226868449 1.479632830261328 0.6242839306973936
 1.448391011530028 0.3371829909316145 1.316350575932392
 1.93607619270146 0.7721965012026896 0.9039391076686353
 0.699021010527401 1.653547246884328 1.416095262668131
 0.7910064206994772 0.1501708653063657 0.9583874082609082
 0.8883023952933825 0.9212909349067809 1.336469103452501
 0.8429680031217507 0.9313480398726416 0.7923552957950507
 1.499252907632227 1.080703057063694 1.772861546446108
 0.9383809505504542 0.5249210005350143 1.753836388715141
 1.167934433736808 1.002112275096765 1.800756381955816
 1.078586406568678 0.6815992711545115 1.746263324620128
 0.05232677526651719 1.067383181894333 0.8533484126078535
 1.355288312577625 0.6234463618761746 1.334931147891204
 1.250152738187643 0.6532894010448739 0.3172363228611151
 0.1811495066901011 0.7618132429803209 1.281242100053851
 1.338018363973824 1.672265830966906 1.637911562014013
 2.468938259427357 2.653612894990134 2.590362618310731
 2.366134793562982 1.482935375283238 1.888785084597821
 2.317133550491363 2.904177960306649 2.054779697753413
 1.518737806516915 2.703211819895544 1.569532620780737
 1.730874026836072 2.200574152419407 2.778062505455952
 1.482121108104368 1.720554062827112 1.63010337150813
 1.241118659436407 2.046968243582 1.409104017430388
 2.267293188800838 2.634784070679999 2.675478353093522
 1.462411477572827 1.896415648642324 2.729585394683176
 1.532527308371431 2.508671338267725 2.021283249265214
 2.02058229941212 1.147772937300569 1.668258300930052
 1.686026149100228 1.913344060875155 1.152637526070599
 1.57622474597594 1.758268892476684 2.582488064486807
 2.661184507396052 2.315557394060778 1.671599663551032
 2.336228814980138 2.86205335526042 2.26989731322388
 2.192552985819502 1.976190385730281 2.430179822712029
 1.773317782193848 2.824102899249036 1.890956369223691
 2.317952574081649 2.343038566768369 2.281549696511003
 1.992549513761882 2.260202385495607 2.814796086563421
 2.534614861943373 1.895970442539878 2.732739629160682
 2.06008098559432 2.897119126320328 1.636340779150987
 1.847153888110955 1.35783320636065 1.825560904981433
 2.30635027605199 1.771705090685026 1.618670223551428
 2.195065542234255 2.696997024691806 2.594981239103426
 2.338326696140035 2.454432157580731 2.291846318684731
 3.710150394400708 2.7878413866996 3.081312149448778
 2.824607226216032 2.505280312371294 2.917185961057048
 2.233286841754845 3.416794972419167 3.1163381809193
 2.575727714827165 3.045027236094659 3.437805686437808
 2.594060603802264 2.189368952291552 3.133857732264834
 3.503606193804287 3.039758952241405 2.542838400061993
 2.051144202133873 3.036881113428025 2.760287331131554
 2.997579542949507 2.988877243074901 2.359813237916444
 2.804348260115827 3.007361014597548 3.811944882383306
 2.793801123734241 2.717981873623747 2.131392649272819
 3.568272089787951 2.388681606675569 3.505825537241653
 2.410383485574933 3.434557959214737 2.529696106463454
 3.08073540678067 2.883606521688147 2.221134362382411
 3.658133550134069 2.422424375560712 3.430877635884176
 3.887532038667998 2.898084999786141 3.16638609297724
 2.936508906460122 3.269448363042635 2.577253737708721
 3.347053172926768 2.833150112899157 2.150551352119729
 2.814062100544957 2.198446001048372 2.656455521107152
 3.526674693522067 2.166186423700403 3.074012614348502
 3.332618398343609 2.768625948641243 2.551437977586042
 3.039132874903798 3.921283291322657 3.295891828090632
 2.731623211044072 2.945700100483616 2.835289740659379
 2.59367933541197 3.76057205996251 3.398656976417841
 3.551736106899825 2.399288373213603 2.611502963689551
 2.991520538144111 2.547625160989342 3.619929008443412
 10.75054483004453 12.82251408951934 9.850604105360171
 10.47690768175644 9.206007007674684 7.627327901367481
 12.10101803270987 9.881138430765064 9.156560363114284
 9.014102389646112 8.809468326658271 9.763320087617611
 9.303466462678339 11.30993414473733 8.404890009821438
 9.255755673227283 12.72615913790256 9.32180579879974
 10.19762306873255 11.5943001359679 10.40710213714174
 10.23478827715487 7.778521635532328 9.015347477003637
 8.558606056224578 9.844996771879954 7.764988950255423
 9.780293086177611 10.42412610074737 9.985542126357942
 8.086289114302851 8.609389871057171 10.4559046500014
 10.87185169612574 11.07699944913234 9.780527890971006
 11.99245320816342 10.66081492799592 9.810701597092892
 10.78279034143111 10.87221057895264 8.309779512933117
 9.517470489843582 10.78562809151306 9.511450331869019
 10.98986661761521 8.653620662512294 7.987427347651027
 12.71791003379432 9.239654884492792 10.77052651132622
 9.850911488692832 10.76524218512934 10.9389107896898
 7.915986082047499 11.40514982075353 9.895665824606732
 10.0437624920167 9.256272184713037 8.02101943024328
 10.84695622715173 8.107824229843844 9.770303833347828
 12.02079889813966 10.10142838405268 8.077567570492395
 7.874534775251295 11.43842313613644 11.29565119398074
 9.360170363826294 8.017001791079725 10.97227420108026
 12.46418553911242 9.427132460583374 11.39031601334273
 11.37700335054688 8.367900569137912 11.69852515358848
 11.22449794952604 11.14041160746061 11.64233868566192
 10.01701800643783 12.46208543089781 10.56543199601262
 8.691930828078494 8.060775094305326 8.28508150912065
 9.989313704596395 8.4820451886154 12.10676096181337
 12.67988286130981 10.53450884199757 9.834970541865276
 10.66838402630084 11.67809939284595 8.110974553034946
